1 4 1254192988
3 4 1254194656
1 2 1254202612
25 1 1254232804
14 16 1254263166
1 16 1254271943
22 16 1254272423
1 2 1254273043
3 16 1254273303
2 1 1254274810
27 1 1254275440
13 16 1254291078
1 28 1254304365
21 1 1254384983
1 7 1254392595
32 1 1254395022
7 27 1254396925
32 1 1254397771
32 27 1254401224
1450 22 1254436186
37 1 1254436717
37 1 1254437632
1 2 1254444184
37 1 1254452634
32 1 1254455179
19 16 1254476957
40 2 1254477036
42 2 1254480561
2 32 1254494303
2 32 1254503247
45 3 1254520394
45 32 1254522451
40 7 1254525259
45 44 1254528859
40 42 1254544614
50 27 1254556929
50 16 1254557459
1 44 1254608548
54 44 1254620745
45 44 1254621324
3 56 1254641125
19 44 1254646376
60 32 1254680934
42 40 1254705503
42 1 1254706931
65 2 1254717664
65 4 1254717913
65 3 1254719617
40 2 1254727168
1 44 1254735437
66 65 1254736083
3 66 1254737060
37 65 1254743888
45 1 1254772269
65 2 1254775764
66 1 1254780288
66 3 1254791824
70 65 1254792389
66 56 1254792455
66 1 1254798127
45 44 1254798525
4 2 1254819481
4 65 1254820005
65 75 1254826572
1 1 1254866382
37 66 1254871446
1 71 1254880722
75 83 1254895114
86 75 1254895189
75 85 1254896616
40 1 1254897307
66 85 1254898127
66 85 1254898426
66 2 1254899741
75 1 1254909774
45 85 1254934564
83 65 1254940014
83 4 1254942143
16 16 1254954881
25 1 1254963809
66 16 1254966549
66 3 1254969137
66 3 1254970110
78 1 1254975430
40 91 1254985559
66 83 1254991350
25 83 1255000307
78 83 1255006357
83 2 1255032086
45 78 1255034357
45 2 1255038549
1 2 1255038617
40 1 1255044040
40 2 1255045668
65 78 1255056869
65 78 1255058787
65 83 1255058885
94 2 1255072533
100 1 1255090928
102 3 1255093683
88 81 1255093721
102 66 1255094266
45 91 1255098051
88 81 1255102417
66 81 1255124119
100 1 1255126165
110 3 1255127903
40 1 1255128132
66 16 1255134094
66 66 1255137047
27 1 1255139810
45 1 1255143412
75 1 1255143898
3 83 1255145704
22 66 1255151519
1004 85 1255155042
66 83 1255163718
66 83 1255164175
66 83 1255169008
297 22 1255171489
297 83 1255171717
297 83 1255171838
297 2 1255172173
121 2 1255173264
66 7 1255208232
45 126 1255214907
66 1 1255231518
66 1 1255235972
121 2 1255240875
121 45 1255250913
121 7 1255268755
65 83 1255285450
65 97 1255285889
65 450 1255297048
121 65 1255301551
184 65 1255302079
132 66 1255306521
158 151 1255307401
121 158 1255307879
200 158 1255309365
204 164 1255309473
65 158 1255310189
65 184 1255310665
4 83 1255311564
30 158 1255311902
213 164 1255313425
136 164 1255315139
121 211 1255315654
136 211 1255315681
121 65 1255317202
66 65 1255318413
83 65 1255320129
65 3 1255320339
121 65 1255324183
121 83 1255325180
42 1 1255326554
65 2 1255326878
65 231 1255330215
3 238 1255337124
1 1 1255343613
75 1 1255345675
1198 91 1255358390
297 85 1255377532
297 85 1255378737
297 85 1255379026
110 65 1255381271
297 85 1255381432
297 22 1255383663
184 78 1255386416
297 259 1255386910
66 266 1255388219
121 266 1255389193
2 184 1255390280
121 1 1255393801
65 1 1255394466
65 66 1255394592
65 142 1255395045
65 121 1255396550
83 142 1255396869
3 142 1255398492
11 65 1255398828
271 65 1255399982
66 65 1255400090
184 83 1255402010
184 1 1255403587
259 1 1255403777
22 1 1255403957
22 66 1255404453
3 83 1255404521
136 1 1255404607
259 83 1255405561
22 1 1255405990
121 83 1255406764
78 1 1255408243
22 184 1255409714
22 1 1255409996
11 273 1255410337
279 1 1255410828
184 22 1255411351
66 65 1255413745
83 135 1255416071
25 135 1255418337
93 266 1255422954
121 32 1255425702
284 22 1255429807
142 135 1255431531
132 27 1255432751
284 184 1255436783
284 142 1255437507
22 184 1255438997
284 83 1255441302
110 83 1255461670
66 293 1255463782
45 293 1255464483
297 2 1255465568
284 3 1255468434
132 66 1255470688
121 93 1255472476
121 2 1255472659
299 2 1255473978
102 184 1255482177
121 184 1255486888
121 65 1255487289
22 65 1255488998
2 65 1255489068
83 65 1255489267
65 78 1255489849
65 78 1255489984
75 184 1255491457
65 83 1255491472
121 83 1255492147
75 65 1255493034
49 83 1255494063
49 284 1255494746
93 11 1255495322
75 11 1255495359
75 303 1255497537
25 65 1255498536
132 1 1255499080
1464 81 1255499338
121 83 1255506343
290 27 1255506753
121 1657 1255507190
66 290 1255507913
22 66 1255513305
284 66 1255513965
66 290 1255516268
25 83 1255519646
297 290 1255521065
25 256 1255521135
297 1657 1255521541
65 1657 1255521756
121 259 1255525380
11 290 1255531530
302 238 1255536591
143 256 1255548704
312 16 1255549219
45 303 1255549591
143 16 1255552572
910 83 1255556606
2 1 1255557921
204 16 1255558177
317 1 1255560267
317 1657 1255560787
71 290 1255562544
121 184 1255562641
2 259 1255563889
102 1 1255568897
323 321 1255569179
66 321 1255569224
326 321 1255570406
327 238 1255570739
22 321 1255571040
402 284 1255571852
284 66 1255572394
343 284 1255581076
343 121 1255581435
348 1 1255582162
302 83 1255582393
121 2 1255583533
347 336 1255584122
121 132 1255584854
66 336 1255585357
1 1 1255585976
349 16 1255586921
25 347 1255587545
75 336 1255587855
121 290 1255589416
75 347 1255591803
36108 3 1255591952
22 353 1255592323
349 259 1255594685
344 1 1255594818
136 83 1255595091
360 121 1255596226
2 83 1255597201
2 83 1255597409
349 121 1255597861
66 361 1255599327
343 11 1255603375
1 11 1255603475
2 361 1255603773
27 11 1255604005
25 11 1255604620
100 121 1255604621
22 337 1255604749
22 337 1255604860
297 2 1255606297
370 83 1255607365
370 1657 1255608270
27 290 1255608312
22 290 1255608582
986 297 1255609362
2 297 1255609417
367 32 1255609575
370 259 1255609596
351 337 1255611420
376 83 1255611446
375 83 1255612799
371 1 1255613317
378 28 1255614319
381 284 1255618222
382 1 1255619063
381 65 1255619215
381 83 1255620002
381 142 1255621449
381 65 1255622321
13265 1 1255626381
13265 1 1255626623
302 382 1255629860
360 293 1255633094
360 65 1255634282
360 343 1255635710
66 1 1255636266
392 1 1255639937
360 361 1255640089
392 32 1255640374
393 1 1255642706
121 360 1255644822
345 93 1255645883
332 83 1255647113
332 1 1255648972
25 385 1255649190
317 343 1255649283
382 11 1255649650
317 83 1255649785
317 399 1255650465
11 398 1255652354
401 22 1255652881
143 3 1255653373
143 44 1255653516
317 3 1255654550
344 1 1255654910
65 361 1255655002
317 44 1255656838
317 303 1255657027
346 142 1255657282
350 25 1255657390
143 85 1255657764
290 1 1255658452
405 382 1255658753
1 332 1255659156
404 1657 1255660147
317 290 1255661752
405 256 1255662053
2467 1 1255662176
382 290 1255662216
321 410 1255662585
83 290 1255662832
66 317 1255662875
346 83 1255663540
412 410 1255663545
405 399 1255663755
404 290 1255664247
135 1 1255664343
75 290 1255664562
350 290 1255664789
450 317 1255665146
346 1 1255665381
102 290 1255665859
102 290 1255666274
102 290 1255666540
382 83 1255666637
182 83 1255666922
399 1 1255667926
382 416 1255668057
310 410 1255668574
343 25 1255668605
321 83 1255668782
2467 290 1255669048
310 416 1255669488
135 416 1255670230
25 416 1255670654
75 344 1255670770
66 344 1255671288
340 416 1255671895
121 350 1255672126
424 83 1255672236
422 344 1255672692
346 416 1255673696
353 85 1255674449
3 349 1255676580
250 344 1255677316
121 1 1255678971
431 65 1255681376
431 360 1255682850
351 83 1255683248
360 83 1255683477
2 83 1255684181
431 398 1255684213
317 362 1255684250
434 1 1255684471
239 416 1255684890
434 1 1255685106
349 83 1255685317
297 398 1255685482
431 2 1255688188
431 1657 1255689090
102 344 1255695141
302 85 1255697237
350 350 1255699250
2926 27 1255700444
259 11 1255703374
445 11 1255703617
986 362 1255705309
45 349 1255705624
404 11 1255707236
404 416 1255707713
310 416 1255716103
83 416 1255716131
71 416 1255716266
451 1 1255722404
447 78 1255723589
83 436 1255724113
423 142 1255725309
297 398 1255727300
447 456 1255727718
317 11 1255730038
66 1 1255731907
373 184 1255732273
441 382 1255732318
66 382 1255732842
373 447 1255734031
75 441 1255734134
2 416 1255734227
11 441 1255734280
1 416 1255734341
27 441 1255734439
2 349 1255734606
463 303 1255734614
25 441 1255737779
317 370 1255737868
370 1 1255738565
370 81 1255740027
322 450 1255740486
466 1 1255741417
468 398 1255741476
143 462 1255742078
143 290 1255742317
25 290 1255743006
470 381 1255744630
135 462 1255744726
350 290 1255744788
454 462 1255745038
239 462 1255745429
454 462 1255745455
349 462 1255745505
135 462 1255745625
416 462 1255745877
349 462 1255747169
2 462 1255748130
454 1 1255748202
135 351 1255748250
469 78 1255748323
93 441 1255748515
405 290 1255748859
459 462 1255749831
405 462 1255750195
290 462 1255750366
430 396 1255750659
763 351 1255751107
340 462 1255752887
382 462 1255753314
370 85 1255754884
382 382 1255756986
297 362 1255759032
473 83 1255759202
480 1 1255760942
36108 143 1255762803
375 462 1255763979
375 462 1255764172
375 462 1255764364
431 362 1255765803
250 353 1255766024
431 370 1255766142
302 482 1255766423
250 482 1255766879
317 370 1255767089
310 284 1255768058
382 382 1255769548
425 290 1255774668
360 284 1255775690
66 284 1255777209
488 65 1255777316
350 456 1255779157
297 462 1255780411
360 362 1255780745
360 350 1255781359
310 438 1255783173
382 297 1255785129
350 490 1255787138
75 344 1255788568
1 438 1255788612
296 398 1255793118
310 2 1255794462
493 85 1255795134
381 284 1255800695
381 284 1255801450
381 83 1255802216
381 344 1255803454
498 462 1255804670
498 462 1255804887
381 284 1255805034
498 143 1255805283
360 490 1255807281
322 296 1255808091
297 492 1255808356
135 490 1255809101
297 360 1255809839
3 498 1255813543
66 396 1255813595
513 297 1255814166
431 360 1255814458
297 490 1255814630
297 498 1255815008
451 65 1255816558
513 290 1255816986
451 65 1255817114
519 360 1255817675
93 65 1255818079
350 65 1255820949
522 462 1255821213
986 360 1255822956
532 462 1255823102
322 344 1255823256
424 490 1255823494
397 75 1255824603
454 65 1255825409
397 83 1255825634
539 65 1255826913
350 467 1255827542
2 297 1255828268
556 550 1255828429
158 550 1255828544
135 550 1255828932
350 550 1255829124
370 65 1255829441
556 538 1255829889
135 65 1255830355
350 538 1255830782
562 538 1255831472
370 2 1255831542
1 540 1255831670
290 540 1255832315
83 65 1255832679
83 65 1255832816
440 467 1255832913
290 570 1255833271
350 284 1255833346
429 462 1255833354
429 462 1255833545
136 550 1255833804
431 467 1255833924
572 65 1255834146
382 65 1255834659
426 290 1255836194
66 290 1255837196
577 143 1255837535
2 290 1255837597
382 290 1255837618
3 550 1255838442
143 540 1255838749
582 284 1255838825
428 492 1255839054
302 570 1255839824
353 587 1255843114
93 451 1255843645
3 587 1255843841
428 353 1255847054
350 587 1255847054
239 587 1255847122
350 353 1255848356
75 353 1255848657
66 349 1255848867
590 467 1255848878
603 349 1255848989
424 353 1255849233
370 290 1255850551
605 65 1255850848
605 65 1255852728
613 482 1255853540
440 607 1255853697
2 66 1255854598
613 135 1255854660
307 1 1255855355
66 290 1255855585
349 66 1255855758
375 349 1255855922
468 349 1255856403
310 451 1255856523
619 65 1255856911
143 618 1255858722
586 621 1255859293
350 617 1255860093
440 617 1255861850
78 621 1255862346
93 621 1255864534
630 586 1255865027
1 625 1255865151
350 625 1255865908
362 1 1255866266
121 290 1255867108
622 332 1255868198
30 467 1255869161
250 135 1255870406
763 351 1255870795
577 16 1255870988
307 135 1255875356
493 66 1255875613
340 349 1255877618
986 332 1255878359
445 441 1255878392
642 441 1255882390
643 349 1255883626
447 353 1255883789
297 332 1255885487
423 648 1255894394
340 648 1255894491
360 332 1255894875
349 641 1255895316
136 650 1255895695
322 332 1255897175
619 1 1255898709
657 65 1255899775
619 143 1255899910
519 332 1255901501
322 350 1255902316
143 426 1255905312
200 16 1255906105
519 1 1255906776
397 75 1255907555
66 425 1255907893
359 650 1255910491
669 668 1255911437
426 641 1255912023
673 143 1255912954
98 143 1255913207
136 668 1255915749
297 416 1255916625
370 492 1255916994
676 65 1255917452
630 586 1255919928
440 2480 1255920051
11 678 1255920291
297 290 1255920582
679 85 1255921936
30 426 1255922478
42 361 1255923472
683 66 1255924178
290 340 1255924725
416 340 1255924798
310 350 1255926267
75 344 1255926863
49 344 1255927613
290 689 1255927796
2 416 1255928075
2 689 1255928364
619 668 1255928529
290 668 1255928811
350 344 1255929093
382 416 1255929374
350 668 1255929431
350 689 1255930168
75 689 1255930977
93 65 1255931065
440 382 1255931113
396 689 1255932172
143 382 1255933017
93 416 1255933738
25 416 1255934844
586 344 1255934954
143 2480 1255935104
19 416 1255936416
696 416 1255936571
19 416 1255937349
2 416 1255937444
613 416 1255937624
27 416 1255937801
622 343 1255938685
344 699 1255939072
622 699 1255939427
317 343 1255939468
343 699 1255939549
382 699 1255939600
763 699 1255939744
437 75 1255940173
317 687 1255940204
75 296 1255940241
2 699 1255940435
2 436 1255940799
697 416 1255940800
699 426 1255942111
702 416 1255942695
25 303 1255943255
11 296 1255943961
702 621 1255944053
184 689 1255944679
704 663 1255944902
11 382 1255946134
2 11 1255946224
586 296 1255946403
290 382 1255946743
290 699 1255947419
705 65 1255947565
25 382 1255947779
422 382 1255949460
11 709 1255949888
396 382 1255949915
350 699 1255950016
396 709 1255951782
350 709 1255951813
422 11 1255952402
362 416 1255954730
493 699 1255954963
310 321 1255955157
622 317 1255955826
1 709 1255956591
45 317 1255958643
422 416 1255958723
102 416 1255959264
1 416 1255959314
714 382 1255959451
45 699 1255959527
45 303 1255959663
45 343 1255960678
350 290 1255960916
345 290 1255961196
11 290 1255961788
405 290 1255962802
445 441 1255963831
303 290 1255964194
143 290 1255965584
717 709 1255967092
717 344 1255967427
1826 709 1255971651
15245 78 1255972080
451 317 1255972499
302 85 1255973957
451 416 1255974644
380 317 1255975863
622 303 1255976259
98 317 1255976508
86 303 1255976920
732 303 1255978766
733 416 1255979099
584 416 1255980240
737 416 1255980259
738 416 1255981110
511 416 1255981501
733 709 1255981575
360 722 1255982724
733 382 1255982853
454 728 1255983952
454 416 1255984712
436 382 1255984721
619 416 1255987106
439 307 1255988363
622 667 1255988710
121 290 1255989905
519 2 1255991218
431 2480 1255991297
580 317 1255992202
750 416 1255992707
751 317 1255992894
749 416 1255993395
431 2 1255993713
441 511 1255993739
498 494 1255994403
752 416 1255994761
336 290 1255995229
625 317 1255995731
756 416 1255997946
360 353 1255998198
290 416 1255998523
65 382 1255999433
350 353 1256000084
428 336 1256000268
402 351 1256001104
143 65 1256001194
143 65 1256001317
2 336 1256001615
402 351 1256001995
36108 65 1256002890
402 351 1256002967
402 462 1256003175
402 462 1256003421
350 78 1256003756
571 336 1256004726
763 351 1256004809
763 317 1256005112
441 65 1256005872
382 65 1256006649
1 1 1256006822
734 65 1256007503
405 65 1256008151
766 398 1256008526
451 349 1256008553
65 2 1256008635
405 2480 1256009604
65 65 1256009772
767 494 1256010382
136 768 1256011079
25 728 1256011092
344 768 1256011810
468 667 1256011862
763 768 1256012884
143 136 1256012967
441 1 1256014695
404 65 1256015426
2 772 1256015483
178 641 1256015823
3 775 1256016046
143 773 1256016523
317 344 1256016579
622 344 1256017169
779 773 1256018652
1004 774 1256019100
83 344 1256020079
321 344 1256020150
622 83 1256022170
317 83 1256022242
327 65 1256022361
451 83 1256022439
424 772 1256022577
317 83 1256022657
121 65 1256022985
582 83 1256023167
2 344 1256023285
778 1 1256023413
781 344 1256023612
683 65 1256023669
121 65 1256024303
488 83 1256024507
783 65 1256024925
783 65 1256025419
66 344 1256026463
582 1 1256026730
361 135 1256027049
619 1 1256027420
582 349 1256027887
143 484 1256027993
619 484 1256028156
121 65 1256028608
605 761 1256029108
350 342 1256031039
307 344 1256031124
605 65 1256031275
350 484 1256031583
121 342 1256031851
261 66 1256032720
261 349 1256033054
790 1 1256033228
184 788 1256034038
350 788 1256034148
346 83 1256035347
321 290 1256035372
102 66 1256036184
65 290 1256037175
184 360 1256037677
290 317 1256038018
493 290 1256038247
350 11 1256038509
3 290 1256038537
65 709 1256039324
440 317 1256039563
2 709 1256040166
102 349 1256040482
791 344 1256040644
321 622 1256041099
350 290 1256043030
272 66 1256043273
717 709 1256045561
440 382 1256045853
784 273 1256048846
795 135 1256049246
380 290 1256049303
45 788 1256049650
1459 273 1256049697
445 484 1256049746
1459 792 1256049955
749 344 1256052914
519 2 1256053569
340 622 1256054935
381 316 1256055816
136 136 1256055864
345 382 1256056221
381 343 1256056347
109 65 1256057124
404 622 1256057314
310 382 1256058491
799 321 1256060282
800 699 1256065027
406 792 1256065224
728 317 1256065430
622 382 1256066327
349 65 1256066405
800 382 1256066574
460 76 1256067197
322 778 1256067807
297 76 1256068173
709 382 1256068418
297 382 1256069486
425 66 1256069759
802 798 1256070128
800 290 1256070562
454 1 1256070869
454 445 1256071584
550 1 1256071693
290 66 1256072681
519 349 1256072721
519 65 1256073586
750 349 1256073627
717 349 1256073695
83 699 1256074612
586 699 1256076884
431 349 1256078950
778 336 1256079174
360 788 1256079830
360 750 1256080118
2 349 1256080391
297 78 1256080594
586 350 1256081281
586 78 1256081953
767 807 1256082078
271 66 1256082412
78 11 1256083071
25 66 1256084068
673 699 1256084528
810 66 1256085465
809 462 1256085624
25 462 1256086693
468 290 1256086818
986 76 1256086857
322 462 1256086971
440 807 1256088144
493 66 1256089594
454 792 1256089713
673 807 1256090296
22 66 1256092316
819 317 1256092565
763 184 1256093099
824 1 1256093159
22 11 1256093630
310 750 1256093721
66 813 1256094678
824 303 1256094882
345 813 1256095074
25 346 1256095398
767 346 1256095478
143 658 1256095593
826 346 1256096273
405 658 1256096430
660 66 1256097668
733 462 1256098083
733 462 1256098389
428 828 1256098434
297 346 1256098688
3304 297 1256099748
404 683 1256100608
25 806 1256101215
441 538 1256101581
451 66 1256102444
622 290 1256102672
733 353 1256102677
75 828 1256102737
143 836 1256102925
422 290 1256103413
622 345 1256103797
733 836 1256103892
3304 836 1256104236
673 823 1256105276
846 641 1256106323
812 462 1256107780
792 814 1256107991
812 462 1256108019
812 462 1256108214
812 462 1256108525
851 835 1256108542
344 336 1256108721
613 462 1256109057